% analysis parameters so we do not get different results
% p.subj              = [6,7,11,12,15,19,22,20,21,23,24,26,27,28,29,31,...
%                         41,43,44,45,46,47,52,55,56,57,58,59];
p.subj              = [28,29,31,41,42,43,44,45,46,47,50,51,52,53,54,55,56,57,58,59,60,62,63,64,66];
p.siz               = [1920 1080];
