% analysis parameters so we do not get different results
p.subj              = [6,7,11,12,15,19,22,20,21,23,24,26,27,28,29,31]
p.siz               = [1920 1080];
